000/00000000.png (720,1280,3) 1
000/00000001.png (720,1280,3) 1
000/00000002.png (720,1280,3) 1
000/00000003.png (720,1280,3) 1
000/00000004.png (720,1280,3) 1
000/00000005.png (720,1280,3) 1
000/00000006.png (720,1280,3) 1
000/00000007.png (720,1280,3) 1
000/00000008.png (720,1280,3) 1
000/00000009.png (720,1280,3) 1
000/00000010.png (720,1280,3) 1
000/00000011.png (720,1280,3) 1
000/00000012.png (720,1280,3) 1
000/00000013.png (720,1280,3) 1
000/00000014.png (720,1280,3) 1
000/00000015.png (720,1280,3) 1
000/00000016.png (720,1280,3) 1
000/00000017.png (720,1280,3) 1
000/00000018.png (720,1280,3) 1
000/00000019.png (720,1280,3) 1
000/00000020.png (720,1280,3) 1
000/00000021.png (720,1280,3) 1
000/00000022.png (720,1280,3) 1
000/00000023.png (720,1280,3) 1
000/00000024.png (720,1280,3) 1
000/00000025.png (720,1280,3) 1
000/00000026.png (720,1280,3) 1
000/00000027.png (720,1280,3) 1
000/00000028.png (720,1280,3) 1
000/00000029.png (720,1280,3) 1
000/00000030.png (720,1280,3) 1
000/00000031.png (720,1280,3) 1
000/00000032.png (720,1280,3) 1
000/00000033.png (720,1280,3) 1
000/00000034.png (720,1280,3) 1
000/00000035.png (720,1280,3) 1
000/00000036.png (720,1280,3) 1
000/00000037.png (720,1280,3) 1
000/00000038.png (720,1280,3) 1
000/00000039.png (720,1280,3) 1
000/00000040.png (720,1280,3) 1
000/00000041.png (720,1280,3) 1
000/00000042.png (720,1280,3) 1
000/00000043.png (720,1280,3) 1
000/00000044.png (720,1280,3) 1
000/00000045.png (720,1280,3) 1
000/00000046.png (720,1280,3) 1
000/00000047.png (720,1280,3) 1
000/00000048.png (720,1280,3) 1
000/00000049.png (720,1280,3) 1
000/00000050.png (720,1280,3) 1
000/00000051.png (720,1280,3) 1
000/00000052.png (720,1280,3) 1
000/00000053.png (720,1280,3) 1
000/00000054.png (720,1280,3) 1
000/00000055.png (720,1280,3) 1
000/00000056.png (720,1280,3) 1
000/00000057.png (720,1280,3) 1
000/00000058.png (720,1280,3) 1
000/00000059.png (720,1280,3) 1
000/00000060.png (720,1280,3) 1
000/00000061.png (720,1280,3) 1
000/00000062.png (720,1280,3) 1
000/00000063.png (720,1280,3) 1
000/00000064.png (720,1280,3) 1
000/00000065.png (720,1280,3) 1
000/00000066.png (720,1280,3) 1
000/00000067.png (720,1280,3) 1
000/00000068.png (720,1280,3) 1
000/00000069.png (720,1280,3) 1
000/00000070.png (720,1280,3) 1
000/00000071.png (720,1280,3) 1
000/00000072.png (720,1280,3) 1
000/00000073.png (720,1280,3) 1
000/00000074.png (720,1280,3) 1
000/00000075.png (720,1280,3) 1
000/00000076.png (720,1280,3) 1
000/00000077.png (720,1280,3) 1
000/00000078.png (720,1280,3) 1
000/00000079.png (720,1280,3) 1
000/00000080.png (720,1280,3) 1
000/00000081.png (720,1280,3) 1
000/00000082.png (720,1280,3) 1
000/00000083.png (720,1280,3) 1
000/00000084.png (720,1280,3) 1
000/00000085.png (720,1280,3) 1
000/00000086.png (720,1280,3) 1
000/00000087.png (720,1280,3) 1
000/00000088.png (720,1280,3) 1
000/00000089.png (720,1280,3) 1
000/00000090.png (720,1280,3) 1
000/00000091.png (720,1280,3) 1
000/00000092.png (720,1280,3) 1
000/00000093.png (720,1280,3) 1
000/00000094.png (720,1280,3) 1
000/00000095.png (720,1280,3) 1
000/00000096.png (720,1280,3) 1
000/00000097.png (720,1280,3) 1
000/00000098.png (720,1280,3) 1
000/00000099.png (720,1280,3) 1
011/00000000.png (720,1280,3) 1
011/00000001.png (720,1280,3) 1
011/00000002.png (720,1280,3) 1
011/00000003.png (720,1280,3) 1
011/00000004.png (720,1280,3) 1
011/00000005.png (720,1280,3) 1
011/00000006.png (720,1280,3) 1
011/00000007.png (720,1280,3) 1
011/00000008.png (720,1280,3) 1
011/00000009.png (720,1280,3) 1
011/00000010.png (720,1280,3) 1
011/00000011.png (720,1280,3) 1
011/00000012.png (720,1280,3) 1
011/00000013.png (720,1280,3) 1
011/00000014.png (720,1280,3) 1
011/00000015.png (720,1280,3) 1
011/00000016.png (720,1280,3) 1
011/00000017.png (720,1280,3) 1
011/00000018.png (720,1280,3) 1
011/00000019.png (720,1280,3) 1
011/00000020.png (720,1280,3) 1
011/00000021.png (720,1280,3) 1
011/00000022.png (720,1280,3) 1
011/00000023.png (720,1280,3) 1
011/00000024.png (720,1280,3) 1
011/00000025.png (720,1280,3) 1
011/00000026.png (720,1280,3) 1
011/00000027.png (720,1280,3) 1
011/00000028.png (720,1280,3) 1
011/00000029.png (720,1280,3) 1
011/00000030.png (720,1280,3) 1
011/00000031.png (720,1280,3) 1
011/00000032.png (720,1280,3) 1
011/00000033.png (720,1280,3) 1
011/00000034.png (720,1280,3) 1
011/00000035.png (720,1280,3) 1
011/00000036.png (720,1280,3) 1
011/00000037.png (720,1280,3) 1
011/00000038.png (720,1280,3) 1
011/00000039.png (720,1280,3) 1
011/00000040.png (720,1280,3) 1
011/00000041.png (720,1280,3) 1
011/00000042.png (720,1280,3) 1
011/00000043.png (720,1280,3) 1
011/00000044.png (720,1280,3) 1
011/00000045.png (720,1280,3) 1
011/00000046.png (720,1280,3) 1
011/00000047.png (720,1280,3) 1
011/00000048.png (720,1280,3) 1
011/00000049.png (720,1280,3) 1
011/00000050.png (720,1280,3) 1
011/00000051.png (720,1280,3) 1
011/00000052.png (720,1280,3) 1
011/00000053.png (720,1280,3) 1
011/00000054.png (720,1280,3) 1
011/00000055.png (720,1280,3) 1
011/00000056.png (720,1280,3) 1
011/00000057.png (720,1280,3) 1
011/00000058.png (720,1280,3) 1
011/00000059.png (720,1280,3) 1
011/00000060.png (720,1280,3) 1
011/00000061.png (720,1280,3) 1
011/00000062.png (720,1280,3) 1
011/00000063.png (720,1280,3) 1
011/00000064.png (720,1280,3) 1
011/00000065.png (720,1280,3) 1
011/00000066.png (720,1280,3) 1
011/00000067.png (720,1280,3) 1
011/00000068.png (720,1280,3) 1
011/00000069.png (720,1280,3) 1
011/00000070.png (720,1280,3) 1
011/00000071.png (720,1280,3) 1
011/00000072.png (720,1280,3) 1
011/00000073.png (720,1280,3) 1
011/00000074.png (720,1280,3) 1
011/00000075.png (720,1280,3) 1
011/00000076.png (720,1280,3) 1
011/00000077.png (720,1280,3) 1
011/00000078.png (720,1280,3) 1
011/00000079.png (720,1280,3) 1
011/00000080.png (720,1280,3) 1
011/00000081.png (720,1280,3) 1
011/00000082.png (720,1280,3) 1
011/00000083.png (720,1280,3) 1
011/00000084.png (720,1280,3) 1
011/00000085.png (720,1280,3) 1
011/00000086.png (720,1280,3) 1
011/00000087.png (720,1280,3) 1
011/00000088.png (720,1280,3) 1
011/00000089.png (720,1280,3) 1
011/00000090.png (720,1280,3) 1
011/00000091.png (720,1280,3) 1
011/00000092.png (720,1280,3) 1
011/00000093.png (720,1280,3) 1
011/00000094.png (720,1280,3) 1
011/00000095.png (720,1280,3) 1
011/00000096.png (720,1280,3) 1
011/00000097.png (720,1280,3) 1
011/00000098.png (720,1280,3) 1
011/00000099.png (720,1280,3) 1
015/00000000.png (720,1280,3) 1
015/00000001.png (720,1280,3) 1
015/00000002.png (720,1280,3) 1
015/00000003.png (720,1280,3) 1
015/00000004.png (720,1280,3) 1
015/00000005.png (720,1280,3) 1
015/00000006.png (720,1280,3) 1
015/00000007.png (720,1280,3) 1
015/00000008.png (720,1280,3) 1
015/00000009.png (720,1280,3) 1
015/00000010.png (720,1280,3) 1
015/00000011.png (720,1280,3) 1
015/00000012.png (720,1280,3) 1
015/00000013.png (720,1280,3) 1
015/00000014.png (720,1280,3) 1
015/00000015.png (720,1280,3) 1
015/00000016.png (720,1280,3) 1
015/00000017.png (720,1280,3) 1
015/00000018.png (720,1280,3) 1
015/00000019.png (720,1280,3) 1
015/00000020.png (720,1280,3) 1
015/00000021.png (720,1280,3) 1
015/00000022.png (720,1280,3) 1
015/00000023.png (720,1280,3) 1
015/00000024.png (720,1280,3) 1
015/00000025.png (720,1280,3) 1
015/00000026.png (720,1280,3) 1
015/00000027.png (720,1280,3) 1
015/00000028.png (720,1280,3) 1
015/00000029.png (720,1280,3) 1
015/00000030.png (720,1280,3) 1
015/00000031.png (720,1280,3) 1
015/00000032.png (720,1280,3) 1
015/00000033.png (720,1280,3) 1
015/00000034.png (720,1280,3) 1
015/00000035.png (720,1280,3) 1
015/00000036.png (720,1280,3) 1
015/00000037.png (720,1280,3) 1
015/00000038.png (720,1280,3) 1
015/00000039.png (720,1280,3) 1
015/00000040.png (720,1280,3) 1
015/00000041.png (720,1280,3) 1
015/00000042.png (720,1280,3) 1
015/00000043.png (720,1280,3) 1
015/00000044.png (720,1280,3) 1
015/00000045.png (720,1280,3) 1
015/00000046.png (720,1280,3) 1
015/00000047.png (720,1280,3) 1
015/00000048.png (720,1280,3) 1
015/00000049.png (720,1280,3) 1
015/00000050.png (720,1280,3) 1
015/00000051.png (720,1280,3) 1
015/00000052.png (720,1280,3) 1
015/00000053.png (720,1280,3) 1
015/00000054.png (720,1280,3) 1
015/00000055.png (720,1280,3) 1
015/00000056.png (720,1280,3) 1
015/00000057.png (720,1280,3) 1
015/00000058.png (720,1280,3) 1
015/00000059.png (720,1280,3) 1
015/00000060.png (720,1280,3) 1
015/00000061.png (720,1280,3) 1
015/00000062.png (720,1280,3) 1
015/00000063.png (720,1280,3) 1
015/00000064.png (720,1280,3) 1
015/00000065.png (720,1280,3) 1
015/00000066.png (720,1280,3) 1
015/00000067.png (720,1280,3) 1
015/00000068.png (720,1280,3) 1
015/00000069.png (720,1280,3) 1
015/00000070.png (720,1280,3) 1
015/00000071.png (720,1280,3) 1
015/00000072.png (720,1280,3) 1
015/00000073.png (720,1280,3) 1
015/00000074.png (720,1280,3) 1
015/00000075.png (720,1280,3) 1
015/00000076.png (720,1280,3) 1
015/00000077.png (720,1280,3) 1
015/00000078.png (720,1280,3) 1
015/00000079.png (720,1280,3) 1
015/00000080.png (720,1280,3) 1
015/00000081.png (720,1280,3) 1
015/00000082.png (720,1280,3) 1
015/00000083.png (720,1280,3) 1
015/00000084.png (720,1280,3) 1
015/00000085.png (720,1280,3) 1
015/00000086.png (720,1280,3) 1
015/00000087.png (720,1280,3) 1
015/00000088.png (720,1280,3) 1
015/00000089.png (720,1280,3) 1
015/00000090.png (720,1280,3) 1
015/00000091.png (720,1280,3) 1
015/00000092.png (720,1280,3) 1
015/00000093.png (720,1280,3) 1
015/00000094.png (720,1280,3) 1
015/00000095.png (720,1280,3) 1
015/00000096.png (720,1280,3) 1
015/00000097.png (720,1280,3) 1
015/00000098.png (720,1280,3) 1
015/00000099.png (720,1280,3) 1
020/00000000.png (720,1280,3) 1
020/00000001.png (720,1280,3) 1
020/00000002.png (720,1280,3) 1
020/00000003.png (720,1280,3) 1
020/00000004.png (720,1280,3) 1
020/00000005.png (720,1280,3) 1
020/00000006.png (720,1280,3) 1
020/00000007.png (720,1280,3) 1
020/00000008.png (720,1280,3) 1
020/00000009.png (720,1280,3) 1
020/00000010.png (720,1280,3) 1
020/00000011.png (720,1280,3) 1
020/00000012.png (720,1280,3) 1
020/00000013.png (720,1280,3) 1
020/00000014.png (720,1280,3) 1
020/00000015.png (720,1280,3) 1
020/00000016.png (720,1280,3) 1
020/00000017.png (720,1280,3) 1
020/00000018.png (720,1280,3) 1
020/00000019.png (720,1280,3) 1
020/00000020.png (720,1280,3) 1
020/00000021.png (720,1280,3) 1
020/00000022.png (720,1280,3) 1
020/00000023.png (720,1280,3) 1
020/00000024.png (720,1280,3) 1
020/00000025.png (720,1280,3) 1
020/00000026.png (720,1280,3) 1
020/00000027.png (720,1280,3) 1
020/00000028.png (720,1280,3) 1
020/00000029.png (720,1280,3) 1
020/00000030.png (720,1280,3) 1
020/00000031.png (720,1280,3) 1
020/00000032.png (720,1280,3) 1
020/00000033.png (720,1280,3) 1
020/00000034.png (720,1280,3) 1
020/00000035.png (720,1280,3) 1
020/00000036.png (720,1280,3) 1
020/00000037.png (720,1280,3) 1
020/00000038.png (720,1280,3) 1
020/00000039.png (720,1280,3) 1
020/00000040.png (720,1280,3) 1
020/00000041.png (720,1280,3) 1
020/00000042.png (720,1280,3) 1
020/00000043.png (720,1280,3) 1
020/00000044.png (720,1280,3) 1
020/00000045.png (720,1280,3) 1
020/00000046.png (720,1280,3) 1
020/00000047.png (720,1280,3) 1
020/00000048.png (720,1280,3) 1
020/00000049.png (720,1280,3) 1
020/00000050.png (720,1280,3) 1
020/00000051.png (720,1280,3) 1
020/00000052.png (720,1280,3) 1
020/00000053.png (720,1280,3) 1
020/00000054.png (720,1280,3) 1
020/00000055.png (720,1280,3) 1
020/00000056.png (720,1280,3) 1
020/00000057.png (720,1280,3) 1
020/00000058.png (720,1280,3) 1
020/00000059.png (720,1280,3) 1
020/00000060.png (720,1280,3) 1
020/00000061.png (720,1280,3) 1
020/00000062.png (720,1280,3) 1
020/00000063.png (720,1280,3) 1
020/00000064.png (720,1280,3) 1
020/00000065.png (720,1280,3) 1
020/00000066.png (720,1280,3) 1
020/00000067.png (720,1280,3) 1
020/00000068.png (720,1280,3) 1
020/00000069.png (720,1280,3) 1
020/00000070.png (720,1280,3) 1
020/00000071.png (720,1280,3) 1
020/00000072.png (720,1280,3) 1
020/00000073.png (720,1280,3) 1
020/00000074.png (720,1280,3) 1
020/00000075.png (720,1280,3) 1
020/00000076.png (720,1280,3) 1
020/00000077.png (720,1280,3) 1
020/00000078.png (720,1280,3) 1
020/00000079.png (720,1280,3) 1
020/00000080.png (720,1280,3) 1
020/00000081.png (720,1280,3) 1
020/00000082.png (720,1280,3) 1
020/00000083.png (720,1280,3) 1
020/00000084.png (720,1280,3) 1
020/00000085.png (720,1280,3) 1
020/00000086.png (720,1280,3) 1
020/00000087.png (720,1280,3) 1
020/00000088.png (720,1280,3) 1
020/00000089.png (720,1280,3) 1
020/00000090.png (720,1280,3) 1
020/00000091.png (720,1280,3) 1
020/00000092.png (720,1280,3) 1
020/00000093.png (720,1280,3) 1
020/00000094.png (720,1280,3) 1
020/00000095.png (720,1280,3) 1
020/00000096.png (720,1280,3) 1
020/00000097.png (720,1280,3) 1
020/00000098.png (720,1280,3) 1
020/00000099.png (720,1280,3) 1
